mass    median Limit    1_Sigma Lower   1_Sigma Upper   2_Sigma Lower   2_Sigma Upper   
500     4.46473         3.45551         7.27618         2.61785         9.45121         
600     4.07805         3.15761         5.86335         2.76479         10.7888         
700     3.78252         3.25706         5.57772         2.99558         9.07397         
800     3.94595         3.5488          6.24053         2.80165         10.2176         
900     3.99219         2.76731         5.89024         2.40338         8.20547         
1000    3.63769         3.20146         5.58741         2.76859         7.47247         
1100    4.75202         3.43078         6.79649         2.69359         7.63691         
1200    4.48475         3.56274         7.5707          2.31525         9.17815         
1300    4.07576         2.94096         7.34464         2.46211         10.4253         
1400    3.7921          2.92217         6.52275         1.86507         6.90413         
1500    3.9934          3.2449          4.73724         2.65563         9.07578         
